MapInfo0001_Level1%--%101,101,101,101,101,101,101,101,101,101,101,101,101,101,101,101,101,101,101,101
101,101,101,101,101,101,101,101,101,101,101,101,101,101,101,101,101,101,101,101
101,101,101,101,101,101,101,101,101,101,101,101,101,101,101,101,101,101,101,101
101,101,101,101,101,101,101,101,101,101,101,101,101,101,101,101,101,101,101,101
101,101,101,101,101,101,101,101,101,101,101,101,101,101,101,101,101,101,101,101
101,101,101,101,101,101,101,101,101,101,101,101,101,101,101,101,101,101,101,101
101,101,101,101,101,101,101,101,101,101,101,101,101,101,101,101,101,101,101,101
101,101,101,101,101,101,101,101,101,101,101,101,101,101,101,101,101,101,101,101
101,101,101,101,101,101,101,101,101,101,101,101,101,101,101,101,101,101,101,101
101,101,101,101,101,101,101,101,101,101,101,101,101,101,101,101,101,101,101,101
101,101,101,101,101,101,101,101,101,101,101,101,101,101,101,101,101,101,101,101
101,101,101,101,101,101,101,101,101,101,101,101,101,101,101,101,101,101,101,101
101,101,101,101,101,101,101,101,101,101,101,101,101,101,101,101,101,101,101,101
101,101,101,101,101,101,101,101,101,101,101,101,101,101,101,101,101,101,101,101
101,101,101,101,101,101,101,101,101,101,101,101,101,101,101,101,101,101,101,101
101,101,101,101,101,101,101,101,101,101,101,101,101,101,101,101,101,101,101,101
101,101,101,101,101,101,101,101,101,101,101,101,101,101,101,101,101,101,101,101
101,101,101,101,101,101,101,101,101,101,101,101,101,101,101,101,101,101,101,101
101,101,101,101,101,101,101,101,101,101,101,101,101,101,101,101,101,101,101,101
101,101,101,101,101,101,101,101,101,101,101,101,101,101,101,101,101,101,101,101%---%MapInfo0001_Level2%--%0,0,0,0,0,0,0,200,200,0,0,0,0,200,0,0,0,0,0,0
0,0,0,0,0,0,0,0,200,0,0,0,0,200,0,0,0,0,0,0
0,0,0,0,0,0,0,0,200,0,200,0,0,200,0,0,200,0,0,0
0,0,0,0,200,0,0,0,200,0,200,0,0,200,0,0,200,0,0,0
0,0,0,0,200,0,0,0,200,0,200,0,0,200,0,0,200,0,0,0
0,0,0,0,200,0,0,0,200,0,200,0,0,200,0,0,200,0,0,0
0,0,0,0,200,0,0,0,200,0,200,0,0,200,0,0,200,0,0,0
0,0,0,0,200,0,0,0,200,0,200,0,0,200,0,0,200,0,0,0
0,0,0,0,200,0,0,0,200,0,200,0,0,200,0,0,200,0,0,0
0,0,0,0,200,0,0,200,200,0,200,0,0,200,0,0,200,0,0,0
0,0,0,0,200,0,0,200,0,0,200,0,0,200,0,0,200,0,0,0
0,0,0,0,200,0,0,200,0,0,200,0,0,200,0,0,200,0,0,0
0,0,0,0,200,0,0,200,0,0,200,0,0,200,0,0,200,0,0,0
0,0,0,0,200,0,0,0,0,0,200,0,0,0,0,0,200,0,0,0
0,0,0,0,200,0,0,0,0,0,200,0,0,0,200,200,200,0,0,0
200,200,200,200,200,200,200,200,200,200,200,200,200,200,200,200,200,0,0,0
0,0,0,0,0,0,0,0,0,0,0,0,0,0,0,0,0,0,0,0
0,0,200,200,200,200,200,200,200,200,200,200,200,200,200,200,200,200,200,200
0,0,0,0,0,0,0,0,0,0,0,0,0,0,0,0,0,0,0,0
0,0,0,0,0,0,0,0,0,0,0,0,0,0,0,0,0,0,0,0%---%MapInfo0001_Level3%--%302,0,0,0,0,0,0,0,0,0,0,0,0,0,0,0,0,0,0,0
0,0,0,0,0,0,0,0,0,0,0,0,0,0,0,0,0,0,0,0
0,0,0,0,0,0,0,0,0,0,0,0,0,0,0,0,0,0,0,0
0,0,0,0,0,0,0,0,0,0,0,0,0,0,0,0,0,0,0,0
0,0,0,0,0,0,0,0,0,0,0,0,0,0,0,0,0,0,0,0
0,0,0,0,0,0,0,0,0,0,0,0,0,0,0,0,0,0,0,0
0,0,0,0,0,0,0,0,0,0,0,0,0,0,0,0,0,0,0,0
0,0,0,0,0,0,0,0,0,0,0,0,0,0,0,0,0,0,0,0
0,0,0,0,0,0,0,0,0,0,0,0,0,0,0,0,0,0,0,0
0,0,0,0,0,0,0,0,0,0,0,0,0,0,0,0,0,0,0,0
0,0,0,0,0,0,0,0,0,0,0,0,0,0,0,0,0,0,0,0
0,0,0,0,0,0,0,0,0,0,0,0,0,0,0,0,0,0,0,0
0,0,0,0,0,0,0,0,0,0,0,0,0,0,0,0,0,0,0,0
0,0,0,0,0,0,0,0,0,0,0,0,0,0,0,0,0,0,0,0
0,0,0,0,0,0,0,0,0,0,0,0,0,0,0,0,0,0,0,0
0,0,0,0,0,0,0,0,0,0,0,0,0,0,0,0,0,0,0,0
0,0,0,0,0,0,0,0,0,0,0,0,0,0,0,0,0,0,0,0
0,0,0,0,0,0,0,0,0,0,0,0,0,0,0,0,0,0,0,0
0,0,0,401,401,401,401,401,401,401,401,401,401,401,401,401,401,0,0,0
0,0,0,0,0,0,0,0,0,0,0,0,0,0,0,0,0,0,0,301%---%